media = 0.2054689
sd = 0.03917856